3.77	20	300	50	20	75	1
3.77	20	1500	50	20	75	1
3.77	20	1900	50	20	75	1
3.77	60	700	50	60	75	1
3.77	60	1000	50	60	75	1
3.77	60	1300	50	60	75	1
3.77	60	1900	50	60	75	1
3.77	60	2100	50	60	75	1
3.77	60	2400	50	60	75	1
3.77	60	3360	50	60	75	1
3.77	60	3720	50	60	75	1
3.77	100	340	50	100	75	1
3.77	100	460	50	100	75	1
3.77	100	1100	50	100	75	1
3.77	100	1600	50	100	75	1
3.77	100	1700	50	100	75	1
3.77	100	2600	50	100	75	1
3.77	100	2800	50	100	75	1
3.77	140	140	50	140	75	1
3.77	140	500	50	140	75	1
3.77	140	1000	50	140	75	1
3.77	140	1400	50	140	75	1
3.77	140	1500	50	140	75	1
3.77	140	1700	50	140	75	1
3.77	140	3180	50	140	75	1
3.77	180	540	50	180	75	1
3.77	180	1100	50	180	75	1
3.77	180	1600	50	180	75	1
3.77	180	1700	50	180	75	1
3.77	180	2100	50	180	75	1
3.77	180	2200	50	180	75	1
3.77	180	3540	50	180	75	1
3.77	220	100	50	220	75	1
3.77	220	180	50	220	75	1
3.77	220	1300	50	220	75	1
3.77	220	2100	50	220	75	1
3.77	220	2300	50	220	75	1
3.77	220	2400	50	220	75	1
3.77	220	3360	50	220	75	1
3.77	260	100	50	260	75	1
3.77	260	220	50	260	75	1
3.77	260	260	50	260	75	1
3.77	260	600	50	260	75	1
3.77	260	1100	50	260	75	1
3.77	260	1500	50	260	75	1
3.77	260	2600	50	260	75	1
3.77	260	2700	50	260	75	1
3.77	260	3000	50	260	75	1
3.77	300	140	50	300	75	1
3.77	300	600	50	300	75	1
3.77	300	1600	50	300	75	1
3.77	300	1700	50	300	75	1
3.77	300	2100	50	300	75	1
3.77	300	3540	50	300	75	1
3.77	340	340	50	340	75	1
3.77	340	420	50	340	75	1
3.77	340	1300	50	340	75	1
3.77	340	1400	50	340	75	1
3.77	340	2500	50	340	75	1
3.77	340	3180	50	340	75	1
3.77	340	3540	50	340	75	1
3.77	380	140	50	380	75	1
3.77	380	180	50	380	75	1
3.77	380	340	50	380	75	1
3.77	380	580	50	380	75	1
3.77	380	700	50	380	75	1
3.77	380	2000	50	380	75	1
3.77	380	2100	50	380	75	1
3.77	380	2600	50	380	75	1
3.77	420	60	50	420	75	1
3.77	420	420	50	420	75	1
3.77	420	540	50	420	75	1
3.77	420	900	50	420	75	1
3.77	420	3180	50	420	75	1
3.77	420	3360	50	420	75	1
3.77	420	3540	50	420	75	1
3.77	460	100	50	460	75	1
3.77	460	140	50	460	75	1
3.77	460	460	50	460	75	1
3.77	460	540	50	460	75	1
3.77	460	1200	50	460	75	1
3.77	460	2300	50	460	75	1
3.77	460	2500	50	460	75	1
3.77	460	2800	50	460	75	1
3.77	500	100	50	500	75	1
3.77	500	140	50	500	75	1
3.77	500	260	50	500	75	1
3.77	500	340	50	500	75	1
3.77	500	1100	50	500	75	1
3.77	500	1400	50	500	75	1
3.77	500	2400	50	500	75	1
3.77	500	3360	50	500	75	1
3.77	540	60	50	540	75	1
3.77	540	220	50	540	75	1
3.77	540	540	50	540	75	1
3.77	540	900	50	540	75	1
3.77	540	1200	50	540	75	1
3.77	540	1800	50	540	75	1
3.77	540	2500	50	540	75	1
3.77	580	140	50	580	75	1
3.77	580	420	50	580	75	1
3.77	580	1300	50	580	75	1
3.77	580	1800	50	580	75	1
3.77	580	2000	50	580	75	1
3.77	580	3180	50	580	75	1
3.77	600	140	50	600	75	1
3.77	600	580	50	600	75	1
3.77	600	2000	50	600	75	1
3.77	600	2200	50	600	75	1
3.77	600	2200	50	600	75	1
3.77	600	2700	50	600	75	1
3.77	600	3000	50	600	75	1
3.77	700	20	50	700	75	1
3.77	700	220	50	700	75	1
3.77	700	260	50	700	75	1
3.77	700	380	50	700	75	1
3.77	700	2800	50	700	75	1
3.77	700	3180	50	700	75	1
3.77	800	100	50	800	75	1
3.77	800	220	50	800	75	1
3.77	800	260	50	800	75	1
3.77	800	460	50	800	75	1
3.77	800	500	50	800	75	1
3.77	800	800	50	800	75	1
3.77	800	1900	50	800	75	1
3.77	800	3360	50	800	75	1
3.77	900	20	50	900	75	1
3.77	900	340	50	900	75	1
3.77	900	580	50	900	75	1
3.77	900	1000	50	900	75	1
3.77	900	1400	50	900	75	1
3.77	900	1500	50	900	75	1
3.77	900	1900	50	900	75	1
3.77	900	2600	50	900	75	1
3.77	1000	300	50	1000	75	1
3.77	1000	500	50	1000	75	1
3.77	1000	900	50	1000	75	1
3.77	1000	2000	50	1000	75	1
3.77	1000	2400	50	1000	75	1
3.77	1000	3000	50	1000	75	1
3.77	1100	460	50	1100	75	1
3.77	1100	700	50	1100	75	1
3.77	1100	1100	50	1100	75	1
3.77	1100	1700	50	1100	75	1
3.77	1100	1800	50	1100	75	1
3.77	1100	2200	50	1100	75	1
3.77	1100	2800	50	1100	75	1
3.77	1100	3720	50	1100	75	1
3.77	1200	20	50	1200	75	1
3.77	1200	260	50	1200	75	1
3.77	1200	580	50	1200	75	1
3.77	1200	1400	50	1200	75	1
3.77	1200	1500	50	1200	75	1
3.77	1200	2000	50	1200	75	1
3.77	1200	2800	50	1200	75	1
3.77	1200	3540	50	1200	75	1
3.77	1300	300	50	1300	75	1
3.77	1300	420	50	1300	75	1
3.77	1300	1300	50	1300	75	1
3.77	1300	1500	50	1300	75	1
3.77	1300	1900	50	1300	75	1
3.77	1300	2800	50	1300	75	1
3.77	1300	3180	50	1300	75	1
3.77	1400	340	50	1400	75	1
3.77	1400	380	50	1400	75	1
3.77	1400	460	50	1400	75	1
3.77	1400	600	50	1400	75	1
3.77	1400	1000	50	1400	75	1
3.77	1400	2700	50	1400	75	1
3.77	1400	3000	50	1400	75	1
3.77	1500	140	50	1500	75	1
3.77	1500	220	50	1500	75	1
3.77	1500	340	50	1500	75	1
3.77	1500	500	50	1500	75	1
3.77	1500	1200	50	1500	75	1
3.77	1500	1700	50	1500	75	1
3.77	1600	380	50	1600	75	1
3.77	1600	600	50	1600	75	1
3.77	1600	2200	50	1600	75	1
3.77	1600	2300	50	1600	75	1
3.77	1600	2700	50	1600	75	1
3.77	1600	3360	50	1600	75	1
3.77	1700	460	50	1700	75	1
3.77	1700	600	50	1700	75	1
3.77	1700	1400	50	1700	75	1
3.77	1700	1600	50	1700	75	1
3.77	1700	2100	50	1700	75	1
3.77	1700	3360	50	1700	75	1
3.77	1800	60	50	1800	75	1
3.77	1800	100	50	1800	75	1
3.77	1800	500	50	1800	75	1
3.77	1800	800	50	1800	75	1
3.77	1800	1100	50	1800	75	1
3.77	1800	1600	50	1800	75	1
3.77	1800	3180	50	1800	75	1
3.77	1800	3180	50	1800	75	1
3.77	1800	3540	50	1800	75	1
3.77	1900	900	50	1900	75	1
3.77	1900	1000	50	1900	75	1
3.77	1900	2200	50	1900	75	1
3.77	1900	2300	50	1900	75	1
3.77	1900	2500	50	1900	75	1
3.77	1900	2700	50	1900	75	1
3.77	2000	420	50	2000	75	1
3.77	2000	800	50	2000	75	1
3.77	2000	1200	50	2000	75	1
3.77	2000	1400	50	2000	75	1
3.77	2000	1500	50	2000	75	1
3.77	2000	1900	50	2000	75	1
3.77	2000	2800	50	2000	75	1
3.77	2100	220	50	2100	75	1
3.77	2100	380	50	2100	75	1
3.77	2100	600	50	2100	75	1
3.77	2100	700	50	2100	75	1
3.77	2100	800	50	2100	75	1
3.77	2100	2100	50	2100	75	1
3.77	2100	2700	50	2100	75	1
3.77	2200	60	50	2200	75	1
3.77	2200	300	50	2200	75	1
3.77	2200	460	50	2200	75	1
3.77	2200	800	50	2200	75	1
3.77	2200	2200	50	2200	75	1
3.77	2200	2400	50	2200	75	1
3.77	2200	3540	50	2200	75	1
3.77	2300	60	50	2300	75	1
3.77	2300	100	50	2300	75	1
3.77	2300	500	50	2300	75	1
3.77	2300	900	50	2300	75	1
3.77	2300	1900	50	2300	75	1
3.77	2300	2300	50	2300	75	1
3.77	2400	300	50	2400	75	1
3.77	2400	380	50	2400	75	1
3.77	2400	800	50	2400	75	1
3.77	2400	1600	50	2400	75	1
3.77	2400	2500	50	2400	75	1
3.77	2400	2600	50	2400	75	1
3.77	2400	3720	50	2400	75	1
3.77	2500	220	50	2500	75	1
3.77	2500	300	50	2500	75	1
3.77	2500	420	50	2500	75	1
3.77	2500	580	50	2500	75	1
3.77	2500	1300	50	2500	75	1
3.77	2500	2500	50	2500	75	1
3.77	2500	2600	50	2500	75	1
3.77	2600	260	50	2600	75	1
3.77	2600	340	50	2600	75	1
3.77	2600	540	50	2600	75	1
3.77	2600	600	50	2600	75	1
3.77	2600	800	50	2600	75	1
3.77	2600	1200	50	2600	75	1
3.77	2600	1400	50	2600	75	1
3.77	2600	1800	50	2600	75	1
3.77	2600	2800	50	2600	75	1
3.77	2700	180	50	2700	75	1
3.77	2700	700	50	2700	75	1
3.77	2700	1200	50	2700	75	1
3.77	2700	1800	50	2700	75	1
3.77	2700	2600	50	2700	75	1
3.77	2700	3000	50	2700	75	1
3.77	2800	180	50	2800	75	1
3.77	2800	580	50	2800	75	1
3.77	2800	1700	50	2800	75	1
3.77	2800	1800	50	2800	75	1
3.77	2800	2500	50	2800	75	1
3.77	2800	2600	50	2800	75	1
3.77	2800	3720	50	2800	75	1
3.77	3000	100	50	3000	75	1
3.77	3000	260	50	3000	75	1
3.77	3000	380	50	3000	75	1
3.77	3000	540	50	3000	75	1
3.77	3000	900	50	3000	75	1
3.77	3000	1000	50	3000	75	1
3.77	3000	2200	50	3000	75	1
3.77	3180	420	50	3180	75	1
3.77	3180	900	50	3180	75	1
3.77	3180	1300	50	3180	75	1
3.77	3180	2300	50	3180	75	1
3.77	3180	2600	50	3180	75	1
3.77	3180	2800	50	3180	75	1
3.77	3180	3000	50	3180	75	1
3.77	3180	3360	50	3180	75	1
3.77	3360	20	50	3360	75	1
3.77	3360	60	50	3360	75	1
3.77	3360	180	50	3360	75	1
3.77	3360	500	50	3360	75	1
3.77	3360	700	50	3360	75	1
3.77	3360	1000	50	3360	75	1
3.77	3360	1300	50	3360	75	1
3.77	3360	2400	50	3360	75	1
3.77	3540	60	50	3540	75	1
3.77	3540	500	50	3540	75	1
3.77	3540	580	50	3540	75	1
3.77	3540	800	50	3540	75	1
3.77	3540	1000	50	3540	75	1
3.77	3540	1200	50	3540	75	1
3.77	3540	1900	50	3540	75	1
3.77	3540	2300	50	3540	75	1
3.77	3720	180	50	3720	75	1
3.77	3720	1200	50	3720	75	1
3.77	3720	1700	50	3720	75	1
